dati dell'utente risultano nel fit: (657.904, 622.639, 417.523)
chi2 da analitica: 660.569
chi2 da numerica: 660.539
parametri:(658.652, 628, 416.653)(658.64, 628.031, 416.663)(-0.0122756, 0.030651, 0.0100182)
658.64 628.031 416.663
660.539
derivata xc: 0.064135
derivata yc: 0.0506691
derivata r : 0.114878
|21.7536, 0.356617, 0.645765|
|0.356617, 17.3007, -21.2621|
|0.645765, -21.2621, 39.0061|



 The Inverse Of Matrix Is :

 0.0461787       -0.00572997     -0.00388789
 -0.00572997     0.175815        0.095931
 -0.00388789     0.095931        0.0779929
params: (658.64, 628.031, 416.663)
-3.12866 416.781
-3.09731 416.936
-3.06597 417.003
-3.03464 417.04
-3.00335 418.044
-2.97206 418.414
-2.94077 418.358
-2.90948 418.045
-2.87825 419.518
-2.847 419.587
-2.81572 418.564
-2.78449 418.584
-2.7533 419.575
-2.72206 418.479
-2.69087 418.998
-2.65967 418.293
-2.62849 418.418
-2.59732 418.245
-2.56612 416.462
-2.53502 418.435
-2.50391 419.544
-2.47274 417.96
-2.44161 417.16
-2.4105 417.297
-2.37939 417.029
-2.34832 418.033
-2.31722 417.117
-2.28616 418.69
-2.25507 417.484
-2.22402 418.352
-2.19294 416.766
-2.16189 417.124
-2.13084 416.406
-2.09979 415.985
-2.06876 416.37
-2.03774 417.124
-2.0067 416.2
-1.97568 416.002
-1.94466 415.982
-1.91364 414.822
-1.88262 414.124
-1.85161 413.863
-1.8206 412.691
-1.7896 413.487
-1.7586 413.639
-1.72759 412.761
-1.69659 412.816
-1.66559 414.045
-1.63458 415.241
-1.60358 413.577
-1.57258 413.602
-1.54157 413.285
-1.51056 414.205
-1.47955 413.62
-1.44853 413.555
-1.4175 415.48
-1.38648 414.419
-1.35544 416.077
-1.32442 414.811
-1.29337 415.595
-1.26235 414.543
-1.23129 414.786
-1.20022 416.391
-1.16916 415.769
-1.13808 416.638
-1.10702 415.935
-1.07592 416.728
-1.04481 417.867
-1.01372 417.284
-0.982616 417.254
-0.951492 417.662
-0.920362 417.871
-0.889205 418.887
-0.858077 418.211
-0.826916 418.503
-0.795732 419.315
-0.764585 418.238
-0.73337 419.429
-0.702187 418.952
-0.670966 419.505
-0.639742 419.751
-0.608519 419.535
-0.577278 419.559
-0.546028 419.501
-0.51474 420.332
-0.483491 419.398
-0.452177 420.283
-0.420902 419.431
-0.389565 420.266
-0.358228 420.68
-0.326917 419.801
-0.295607 418.495
-0.264231 418.932
-0.232874 418.362
-0.201475 418.708
-0.170065 418.991
-0.138672 418.326
-0.107282 417.172
-0.0758448 417.102
-0.0444223 416.15
-0.0129721 415.671
0.0184687 414.477
0.0499279 413.461
0.081428 413.339
0.112895 411.743
0.144426 411.779
0.175958 411.474
0.207494 410.849
0.239033 409.927
2.96629 411.795
2.99764 414.333
3.02906 414.27
3.06045 414.963
3.09184 414.842
3.12317 416.614