dati dell'utente risultano nel fit: (656.889, 623.396, 426.708)
chi2 da analitica: 447.41
chi2 da numerica: 447.395
parametri:(658.243, 626.737, 426.982)(658.23, 626.754, 426.987)(-0.012069, 0.0171459, 0.00510622)
658.23 626.754 426.987
447.395
derivata xc: 0.0633869
derivata yc: 0.0504204
derivata r : 0.113877
|31.4709, 0.278535, 1.37152|
|0.278535, 25.1069, -31.0337|
|1.37152, -31.0337, 56.5989|



 The Inverse Of Matrix Is :

 0.0319424       -0.00406857     -0.00300487
 -0.00406857     0.124115        0.0681517
 -0.00300487     0.0681517       0.0551091
params: (658.23, 626.754, 426.987)
-3.13373 426.881
-3.10242 427.228
-3.07112 427.66
-3.03983 428.166
-3.00854 428.168
-2.97726 428.509
-2.94599 428.49
-2.91472 428.522
-2.88345 428.393
-2.8522 428.406
-2.82095 428.691
-2.78971 428.862
-2.75847 428.704
-2.72724 428.417
-2.69601 428.607
-2.6648 428.791
-2.63358 428.799
-2.60237 428.456
-2.57116 427.965
-2.53996 428.059
-2.50877 428.282
-2.47758 428.245
-2.4464 427.908
-2.41521 427.708
-2.38403 427.513
-2.35286 427.289
-2.32169 427.582
-2.29052 427.155
-2.25936 426.927
-2.22819 426.774
-2.19703 426.635
-2.16588 426.616
-2.13472 426.003
-2.10356 425.624
-2.07241 425.507
-2.04126 425.4
-2.01011 425.061
-1.97896 425.305
-1.94781 425.515
-1.91667 425.048
-1.88552 424.895
-1.85437 425.008
-1.82322 425.226
-1.79207 424.951
-1.76091 424.837
-1.72976 424.534
-1.6986 424.613
-1.66744 424.732
-1.63628 425.241
-1.60512 424.867
-1.57395 425.033
-1.54278 424.965
-1.51161 425.177
-1.48043 425.376
-1.44925 425.322
-1.41807 425.256
-1.38688 425.575
-1.35568 425.818
-1.32448 425.698
-1.29328 425.973
-1.26207 426.179
-1.23086 425.875
-1.19963 426.165
-1.1684 426.812
-1.13717 426.832
-1.10593 426.876
-1.07468 427.327
-1.04342 427.623
-1.01216 427.857
-0.980896 427.975
-0.949622 428.138
-0.91834 428.388
-0.887052 428.56
-0.855752 428.933
-0.824458 428.623
-0.793143 428.987
-0.761825 429.139
-0.730491 429.751
-0.69916 429.751
-0.667814 430.11
-0.636473 429.802
-0.605114 430.014
-0.57375 430.053
-0.542374 430.287
-0.511003 429.832
-0.479619 429.646
-0.448224 429.615
-0.416816 429.787
-0.385403 429.83
-0.353991 429.34
-0.322566 429.129
-0.291137 428.69
-0.259694 428.536
-0.228247 428.207
-0.196783 428.274
-0.165321 427.846
-0.133848 427.519
-0.102361 427.56
-0.070874 427.131
-0.0393829 426.501
-0.00788373 425.868
0.0236258 425.362
0.055136 424.461
0.0866593 423.838
0.118194 423.414
0.149729 422.593
0.181275 421.927
0.212824 421.007
0.244385 420.36
2.99281 425.028
3.02416 425.276
3.05549 425.758
3.08682 426.31
3.11814 426.846