dati dell'utente risultano nel fit: (659.183, 614.052, 521.17)
chi2 da analitica: 555.742
chi2 da numerica: 555.725
parametri:(658.654, 615.001, 521.412)(658.643, 615.026, 521.42)(-0.0105295, 0.0242702, 0.00810266)
658.643 615.026 521.42
555.725
derivata xc: 0.0636045
derivata yc: 0.0452001
derivata r : 0.108881
|24.5689, 0.504173, 1.01377|
|0.504173, 17.4888, -21.8366|
|1.01377, -21.8366, 41.5861|



 The Inverse Of Matrix Is :

 0.0410411       -0.0070633      -0.00470938
 -0.0070633      0.167259        0.0879989
 -0.00470938     0.0879989       0.070369
params: (658.643, 615.026, 521.42)
-3.13972 520.996
-3.10828 520.894
-3.07683 521.634
-3.04539 522.587
-3.01395 522.772
-2.98251 522.307
-2.95108 523.039
-2.91964 523.506
-2.88821 523.41
-2.85678 523.419
-2.82535 523.25
-2.79392 524.118
-2.76249 523.577
-2.73107 524.539
-2.69965 523.742
-2.66823 523.851
-2.63681 523.296
-2.6054 523.182
-2.57398 523.138
-2.54257 522.841
-2.51116 522.108
-2.47975 521.738
-2.44835 521.668
-2.41694 521.47
-2.38554 521.574
-2.35414 521.059
-2.32274 520.925
-2.29135 521.028
-2.25996 521.305
-2.22857 520.537
-2.19718 520.82
-2.16579 520.403
-2.1344 519.91
-2.10302 519.526
-2.07163 518.305
-2.04026 519.344
-2.00888 518.588
-1.97751 519.654
-1.94612 516.709
-1.91476 519.159
-1.88339 520.976
-1.85202 520.692
-1.82065 520.13
-1.78928 519.009
-1.75792 518.223
-1.72656 519.56
-1.6952 519.713
-1.66383 517.456
-1.63247 518.367
-1.60111 518.004
-1.41298 519.532
-1.38163 521.014
-1.35028 520.785
-1.31893 520.361
-1.28758 519.214
-1.25623 520.839
-1.22488 521.009
-1.19353 519.319
-1.16218 521.102
-1.13083 521.549
-1.09948 521.713
-1.06813 522.169
-1.03679 521.532
-1.00544 522.007
-0.974087 521.395
-0.942737 522.556
-0.911388 522.693
-0.880037 523.155
-0.848686 523.799
-0.817336 523.008
-0.785985 523.136
-0.754632 523.54
-0.723277 525.267
-0.691926 523.864
-0.660571 524.13
-0.629215 524.514
-0.597857 526.058
-0.566502 524.936
-0.535144 524.624
-0.503784 525.177
-0.472426 524.442
-0.441064 524.514
-0.409702 524.427
-0.378339 524.219
-0.346975 523.579
-0.31561 523.2
-0.284242 523.467
-0.252873 523.091
-0.221502 523.185
-0.190131 522.777
-0.158757 522.752
-0.127386 521.643
-0.0960107 520.925
-0.0646321 520.856
-0.0332534 520.309
-0.00187208 519.995
0.0295069 518.552
0.0608902 517.827
0.0922785 517.918
0.123667 517.457
0.155056 516.956
0.186448 516.317
0.217843 516.254
0.249235 514.711
2.9862 519.975
3.01765 520.492
3.04911 520.602
3.08056 521.219
3.11201 521.085