dati dell'utente risultano nel fit: (658.28, 613.93, 525.164)
chi2 da analitica: 431.502
chi2 da numerica: 431.489
parametri:(658.629, 615.821, 526.768)(658.624, 615.847, 526.778)(-0.00498134, 0.0255552, 0.0105415)
658.624 615.847 526.778
431.489
derivata xc: 0.0578129
derivata yc: 0.0490214
derivata r : 0.106897
|28.0522, 0.784366, -1.64751|
|0.784366, 23.6988, -29.323|
|-1.64751, -29.323, 51.6243|



 The Inverse Of Matrix Is :

 0.0357189       0.000767974     0.00157613
 0.000767974     0.141998        0.0806803
 0.00157613      0.0806803       0.065248
params: (658.624, 615.847, 526.778)
-3.13795 525.782
-3.10656 526.251
-3.07518 527.47
-3.04379 527.758
-3.0124 527.256
-2.98103 527.614
-2.94965 527.493
-2.91828 527.654
-2.88691 527.885
-2.85555 528.148
-2.82418 528.378
-2.79283 528.774
-2.76148 530.029
-2.73013 530.515
-2.69877 529.884
-2.66742 528.9
-2.63607 528.892
-2.60473 528.384
-2.57339 528.529
-2.54206 528.743
-2.51072 527.711
-2.47938 526.766
-2.44806 527.815
-2.41673 527.319
-2.38541 527.591
-2.35408 526.969
-2.32276 526.892
-2.29144 526.14
-2.26013 526.701
-2.22882 526.771
-2.1975 527.271
-2.16619 526.431
-2.13488 525.028
-2.10357 525.012
-2.07227 524.972
-2.04096 525.036
-2.00966 525.128
-1.97835 523.48
-1.94705 523.029
-1.91575 524.737
-1.88445 525.032
-1.85315 525.264
-1.82185 526.624
-1.79055 525.399
-1.75925 526.115
-1.72795 525.859
-1.69665 524.959
-1.66535 522.96
-1.63405 522.603
-1.60275 523.119
-1.57145 525.146
-1.54015 525.159
-1.50885 524.81
-1.47754 524.624
-1.44624 525.739
-1.41493 525.546
-1.38362 526.607
-1.35232 525.828
-1.32101 525.148
-1.28969 527.117
-1.25838 526.149
-1.22707 526.211
-1.19575 527.544
-1.16443 527.724
-1.1331 528.983
-1.10179 527.091
-1.07046 528.034
-1.03914 527.147
-1.0078 528.085
-0.976473 527.744
-0.945138 527.847
-0.913793 529.426
-0.882459 528.315
-0.851114 528.858
-0.819764 529.615
-0.788415 529.621
-0.757063 529.881
-0.725711 529.38
-0.694349 530.137
-0.662991 529.735
-0.631626 529.854
-0.474755 530.031
-0.443375 529.468
-0.411987 529.489
-0.380601 528.698
-0.34921 528.167
-0.31781 528.325
-0.286411 527.923
-0.255007 527.722
-0.223598 527.732
-0.19219 527.087
-0.160775 526.769
-0.129354 526.994
-0.0979383 525.812
-0.0665113 525.756
-0.0350844 525.172
-0.00365528 524.372
0.0277805 524.015
0.0592143 522.835
0.0906593 522.757
0.122105 522.303
0.153549 521.057
2.98822 524.501
3.01963 525.54
3.05104 525.676
3.08244 525.143
3.11384 525.764