dati dell'utente risultano nel fit: (655.47, 610.164, 534.334)
chi2 da analitica: 199.411
chi2 da numerica: 199.378
parametri:(658.997, 614.171, 539.287)(658.946, 614.27, 539.341)(-0.0503437, 0.0985602, 0.0540693)
658.946 614.27 539.341
199.378
derivata xc: 0.0105754
derivata yc: 0.00740519
derivata r : 0.0179823
|1.56522, -0.101034, 0.767107|
|-0.101034, 1.13061, -1.37545|
|0.767107, -1.37545, 2.7092|



 The Inverse Of Matrix Is :

 0.865362        -0.577347       -0.538143
 -0.577347       2.69837         1.53342
 -0.538143       1.53342         1.3
params: (658.946, 614.27, 539.341)
-3.13399 539.826
-2.51092 542.37
-2.38648 540.45
-2.26206 539.011
-2.13764 540.423
-1.76424 534.581
-1.39012 535.115
-1.26515 537.215
-1.01486 537.736
-0.889467 539.26
-0.763936 539.846
-0.638111 547.919
-0.386416 540.869
-0.260234 543.596
-0.133986 541.827
-0.00763911 537.511
0.118883 536.548
0.245499 534.028