dati dell'utente risultano nel fit: (659.111, 625.538, 424.8)
chi2 da analitica: 460.54
chi2 da numerica: 460.521
parametri:(658.236, 626.5, 424.578)(658.223, 626.522, 424.586)(-0.0130908, 0.0215131, 0.00753868)
658.223 626.522 424.586
460.521
derivata xc: 0.0626331
derivata yc: 0.0501842
derivata r : 0.112881
|29.8063, 0.509161, 1.91445|
|0.509161, 23.9985, -29.8029|
|1.91445, -29.8029, 53.9813|



 The Inverse Of Matrix Is :

 0.0339982       -0.00705763     -0.00510225
 -0.00705763     0.134014        0.0742392
 -0.00510225     0.0742392       0.0596932
params: (658.223, 626.522, 424.586)
-3.13928 424.724
-3.1078 424.709
-3.07632 425.477
-3.04485 425.248
-3.01338 425.689
-2.98191 425.82
-2.95044 425.904
-2.91897 426.017
-2.88751 425.97
-2.85605 426.129
-2.82459 426.027
-2.79314 426.087
-2.76169 426.198
-2.73024 426.243
-2.69879 426.276
-2.66735 426.219
-2.63591 425.973
-2.60447 425.758
-2.57304 426.17
-2.54161 426.119
-2.51018 425.967
-2.47875 425.825
-2.44733 425.622
-2.41591 425.284
-2.3845 425.428
-2.35308 425.209
-2.32167 424.944
-2.29026 424.623
-2.25886 424.83
-2.22746 424.469
-2.19606 423.967
-2.16466 424.153
-2.13327 423.784
-2.10188 423.66
-2.07049 423.176
-2.03911 423.148
-2.00773 423.027
-1.97635 422.759
-1.94498 422.816
-1.91361 422.633
-1.88224 422.751
-1.85087 422.345
-1.81951 422.267
-1.78815 422.303
-1.75679 422.09
-1.72543 422.408
-1.69408 422.273
-1.66273 422.142
-1.63138 421.924
-1.60004 421.952
-1.56869 422.215
-1.53735 422.467
-1.50601 422.608
-1.47468 422.753
-1.44334 422.851
-1.41201 423.025
-1.38067 422.9
-1.34934 423.345
-1.31802 423.494
-1.28669 423.554
-1.25536 423.738
-1.22404 423.867
-1.19271 424.349
-1.16139 424.56
-1.13007 424.804
-1.09875 424.961
-1.06742 425.048
-1.03611 425.268
-1.00479 425.464
-0.973467 425.771
-0.942148 425.827
-0.910829 425.987
-0.879511 426.22
-0.848193 426.572
-0.816874 426.739
-0.785556 426.903
-0.754237 427.175
-0.722918 427.229
-0.691599 427.409
-0.660279 427.527
-0.628958 427.552
-0.597638 427.447
-0.566316 427.486
-0.534993 427.635
-0.503669 427.728
-0.472345 427.693
-0.44102 427.485
-0.409694 427.105
-0.378366 427.212
-0.347037 427.197
-0.315708 426.756
-0.284377 426.52
-0.253044 426.28
-0.221709 426.169
-0.190375 425.54
-0.159037 425.289
-0.127698 424.838
-0.0963563 424.703
-0.0650142 424.204
-0.0336701 423.688
-0.0023245 423.084
0.0290236 422.549
0.0603736 421.96
0.0917269 421.545
0.123081 420.86
0.15444 420.571
0.185796 419.492
0.217158 418.902
0.24852 417.962
3.01797 422.63
3.04946 423.427
3.08095 423.426
3.11243 424.059